0.98686	0.01314
0.03189	0.96811
0.98662	0.01337
0.04126	0.95874
0.97964	0.02036
0.02921	0.97079
0.98198	0.01801
0.03530	0.96470
0.97960	0.02040
0.03346	0.96654
0.97750	0.02250
0.03333	0.96667
0.96884	0.03116
0.02794	0.97206
0.97417	0.02583
0.03587	0.96413
0.96827	0.03173
0.03076	0.96924
0.96956	0.03044
0.03781	0.96219
0.96424	0.03576
0.03280	0.96720
0.96518	0.03483
0.04403	0.95598
0.95969	0.04031
0.03796	0.96204
0.95933	0.04066
0.04403	0.95597
0.95106	0.04894
0.03734	0.96266
0.94754	0.05246
0.03560	0.96440
0.94826	0.05174
0.04743	0.95257
0.94866	0.05134
0.04663	0.95337
0.93566	0.06434
0.03952	0.96048
0.93771	0.06229
0.04380	0.95621
0.92487	0.07513
0.03728	0.96272
0.92567	0.07433
0.03856	0.96144
0.91542	0.08458
0.03538	0.96462
0.91919	0.08081
0.04451	0.95549
0.92254	0.07746
0.05034	0.94966
0.91185	0.08815
0.04471	0.95529
0.90061	0.09939
0.03678	0.96322
0.91010	0.08990
0.04698	0.95302
0.89894	0.10106
0.04008	0.95992
0.89251	0.10749
0.03972	0.96028
0.87799	0.12201
0.03511	0.96489
0.88712	0.11288
0.04280	0.95720
0.88043	0.11958
0.04477	0.95523
0.88562	0.11438
0.05420	0.94580
0.87522	0.12478
0.05068	0.94932
0.86601	0.13399
0.04699	0.95301
0.85607	0.14393
0.04156	0.95844
0.86342	0.13658
0.04656	0.95344
0.85516	0.14484
0.04138	0.95862
0.85534	0.14466
0.05253	0.94747
0.84075	0.15925
0.04469	0.95531
0.84618	0.15382
0.04814	0.95186
0.83818	0.16182
0.04579	0.95421
0.83162	0.16837
0.04934	0.95066
0.83966	0.16034
0.05142	0.94858
0.83239	0.16761
0.05172	0.94828
0.83293	0.16707
0.05187	0.94812
0.82658	0.17342
0.05221	0.94779
0.82864	0.17136
0.05717	0.94283
0.82765	0.17235
0.06037	0.93963
0.81475	0.18525
0.04915	0.95085
0.81741	0.18259
0.05824	0.94176
0.80479	0.19521
0.04749	0.95251
0.80425	0.19575
0.05502	0.94498
0.79153	0.20847
0.05062	0.94938
0.78465	0.21535
0.06052	0.93948
0.77895	0.22105
0.05154	0.94846
0.79196	0.20804
0.05175	0.94825
0.77738	0.22262
0.05403	0.94597
0.78209	0.21791
0.05877	0.94123
0.77373	0.22627
0.05512	0.94488
0.76497	0.23503
0.04770	0.95230
0.76875	0.23125
0.05231	0.94769
0.77412	0.22588
0.06146	0.93854
0.76004	0.23996
0.06655	0.93345
0.77700	0.22300
0.06778	0.93222
0.75659	0.24341
0.06388	0.93612
0.74988	0.25012
0.05952	0.94048
0.75479	0.24521
0.05539	0.94461
0.73643	0.26357
0.05688	0.94312
0.73750	0.26250
0.05776	0.94224
0.74492	0.25508
0.06469	0.93531
0.74957	0.25043
0.06273	0.93727
0.72763	0.27237
0.06001	0.93999
0.72024	0.27976
0.06094	0.93906
0.72070	0.27930
0.06392	0.93608
0.70531	0.29469
0.06548	0.93452
0.71205	0.28795
0.06699	0.93300
0.71135	0.28865
0.05650	0.94350
0.71400	0.28600
0.06355	0.93645
0.70354	0.29646
0.06392	0.93608
0.71908	0.28092
0.06143	0.93857
0.70683	0.29317
0.06086	0.93914
0.70370	0.29630
0.05931	0.94069
0.69349	0.30651
0.05783	0.94217
0.70876	0.29125
0.06130	0.93870
0.69336	0.30664
0.05955	0.94045
0.69833	0.30167
0.06068	0.93932
0.69014	0.30986
0.06349	0.93650
0.65898	0.34102
0.06129	0.93871
0.67665	0.32335
0.06123	0.93877
0.70038	0.29962
0.06695	0.93305
0.68212	0.31788
0.05881	0.94119
0.67080	0.32920
0.06189	0.93811
0.68332	0.31667
0.06216	0.93784
0.66963	0.33036
0.06466	0.93534
0.65664	0.34336
0.06444	0.93556
0.66621	0.33379
0.06370	0.93630
0.66582	0.33418
0.06417	0.93583
0.63114	0.36885
0.06217	0.93783
0.67510	0.32490
0.06275	0.93725
0.66596	0.33404
0.05883	0.94117
0.63969	0.36031
0.06780	0.93220
0.66263	0.33737
0.06532	0.93468
0.64513	0.35486
0.06928	0.93072
0.63891	0.36109
0.06956	0.93044
0.63041	0.36959
0.06684	0.93316
0.63589	0.36411
0.06493	0.93507
0.62113	0.37887
0.06457	0.93543
0.65537	0.34463
0.06762	0.93238
0.64180	0.35820
0.06661	0.93339
0.62788	0.37212
0.06894	0.93106
0.63372	0.36628
0.06735	0.93265
0.64833	0.35167
0.07223	0.92777
0.63847	0.36153
0.06532	0.93468
0.59844	0.40156
0.06731	0.93269
0.62266	0.37734
0.06267	0.93732
0.63150	0.36850
0.06649	0.93351
0.61658	0.38342
0.06366	0.93634
0.60390	0.39610
0.06593	0.93406
0.59743	0.40257
0.06357	0.93642
0.58988	0.41012
0.05958	0.94042
0.61855	0.38145
0.06513	0.93487
0.61418	0.38582
0.07175	0.92825
0.60920	0.39080
0.06275	0.93725
0.60186	0.39815
0.06335	0.93665
0.58562	0.41438
0.06165	0.93835
0.58429	0.41571
0.06310	0.93690
0.61792	0.38208
0.06309	0.93691
0.60687	0.39313
0.06468	0.93532
0.58565	0.41435
0.06454	0.93546
0.57801	0.42199
0.06464	0.93536
0.61206	0.38794
0.06100	0.93900
0.59287	0.40713
0.06396	0.93604
0.60076	0.39923
0.06334	0.93666
0.60624	0.39376
0.06346	0.93654
0.57370	0.42630
0.06150	0.93850
0.58571	0.41429
0.06777	0.93223
0.62485	0.37515
0.06706	0.93293
0.56068	0.43932
0.06030	0.93970
0.58033	0.41967
0.06152	0.93848
0.58249	0.41751
0.07144	0.92856
0.58184	0.41816
0.06859	0.93141
0.58306	0.41694
0.05887	0.94113
0.56198	0.43802
0.06111	0.93889
0.58100	0.41900
0.06519	0.93481
0.54888	0.45112
0.06368	0.93632
0.59776	0.40224
0.06333	0.93667
0.55463	0.44537
0.06358	0.93642
0.55894	0.44106
0.06664	0.93336
0.56259	0.43741
0.06144	0.93856
0.58610	0.41390
0.06437	0.93563
0.57547	0.42453
0.06427	0.93573
0.56069	0.43931
0.06303	0.93697
0.55693	0.44307
0.05952	0.94048
0.54310	0.45690
0.06466	0.93534
0.55049	0.44951
0.06225	0.93775
0.54897	0.45103
0.06441	0.93559
0.53141	0.46859
0.06140	0.93860
0.53406	0.46594
0.06394	0.93606
0.51458	0.48542
0.05895	0.94105
0.52258	0.47742
0.06066	0.93933
0.53267	0.46733
0.05961	0.94039
0.56040	0.43960
0.06180	0.93820
0.55183	0.44817
0.06939	0.93061
0.55531	0.44469
0.06198	0.93802
0.51746	0.48254
0.06124	0.93876
0.51715	0.48285
0.05846	0.94154
0.51649	0.48351
0.06519	0.93481
0.54979	0.45021
0.06549	0.93451
0.54066	0.45934
0.06127	0.93873
0.53193	0.46807
0.06287	0.93713
0.53128	0.46872
0.06021	0.93979
0.51167	0.48833
0.05891	0.94109
0.56019	0.43981
0.05556	0.94444
0.52116	0.47884
0.06050	0.93950
0.49960	0.50040
0.06391	0.93609
0.52393	0.47607
0.06112	0.93888
0.50989	0.49011
0.05881	0.94119
0.49370	0.50630
0.05500	0.94500
0.52408	0.47592
0.06600	0.93400
0.51145	0.48855
0.05968	0.94032
0.55287	0.44713
0.06693	0.93307
0.50659	0.49341
0.05900	0.94100
0.49224	0.50776
0.06006	0.93994
0.52694	0.47306
0.06524	0.93476
0.50584	0.49416
0.06210	0.93790
0.49394	0.50606
0.06470	0.93530
0.48799	0.51201
0.06091	0.93909
0.49322	0.50678
0.06146	0.93854
0.49579	0.50421
0.06663	0.93337
0.48798	0.51202
0.06229	0.93771
0.51534	0.48466
0.06047	0.93953
0.47931	0.52069
0.05809	0.94191
0.46031	0.53969
0.06195	0.93805
0.47341	0.52659
0.06015	0.93985
0.49951	0.50049
0.06021	0.93979
0.46422	0.53578
0.06380	0.93620
0.47092	0.52908
0.06164	0.93836
0.46055	0.53945
0.06575	0.93425
0.46082	0.53918
0.06236	0.93764
0.48111	0.51889
0.06511	0.93489
0.50956	0.49044
0.06229	0.93771
0.50708	0.49292
0.06582	0.93418
0.47922	0.52078
0.06907	0.93093
0.44676	0.55324
0.06400	0.93600
0.46786	0.53214
0.05961	0.94039
0.48435	0.51565
0.06264	0.93736
0.41613	0.58387
0.07323	0.92677
0.51328	0.48672
0.06773	0.93227
0.44594	0.55406
0.06287	0.93713
0.47013	0.52987
0.07244	0.92756
0.48781	0.51219
0.06540	0.93460
0.46290	0.53710
0.06790	0.93210
0.43745	0.56255
0.06583	0.93417
0.46955	0.53045
0.06326	0.93674
0.45997	0.54003
0.06832	0.93168
0.45202	0.54798
0.06853	0.93147
0.45869	0.54131
0.06781	0.93219
0.44077	0.55923
0.06511	0.93489
0.45786	0.54214
0.06567	0.93433
0.41615	0.58385
0.05979	0.94021
0.42489	0.57511
0.07146	0.92854
0.42693	0.57307
0.06738	0.93262
0.41580	0.58420
0.06604	0.93396
0.42815	0.57185
0.06401	0.93599
0.44517	0.55483
0.07037	0.92963
0.45318	0.54682
0.07911	0.92089
0.40179	0.59821
0.06537	0.93463
0.45539	0.54461
0.07561	0.92439
0.42414	0.57586
0.06150	0.93850
0.44518	0.55482
0.06506	0.93494
0.43135	0.56865
0.07176	0.92823
0.40841	0.59159
0.06893	0.93107
0.42061	0.57939
0.07627	0.92373
0.41876	0.58124
0.07553	0.92447
0.39068	0.60932
0.06695	0.93305
0.43584	0.56416
0.06440	0.93560
0.47259	0.52741
0.07165	0.92835
0.37615	0.62385
0.06010	0.93990
0.47356	0.52644
0.08037	0.91963
0.42991	0.57009
0.07127	0.92873
0.37567	0.62433
0.07133	0.92867
0.40386	0.59614
0.07233	0.92767
0.41520	0.58480
0.08123	0.91878
0.38686	0.61314
0.07447	0.92553
0.40117	0.59883
0.07075	0.92924
0.40991	0.59009
0.07444	0.92556
0.38831	0.61169
0.07582	0.92418
0.38036	0.61964
0.05896	0.94104
0.42516	0.57484
0.07277	0.92723
0.39305	0.60695
0.07190	0.92811
0.41277	0.58723
0.06974	0.93026
0.41662	0.58338
0.07065	0.92935
0.39489	0.60511
0.06545	0.93454
0.37891	0.62109
0.07475	0.92525
0.36208	0.63792
0.08147	0.91853
0.38944	0.61056
0.06850	0.93150
0.36600	0.63400
0.07867	0.92133
0.42178	0.57822
0.08062	0.91938
0.40386	0.59614
0.07091	0.92909
0.38843	0.61157
0.07953	0.92047
0.37230	0.62770
0.06747	0.93253
0.41470	0.58530
0.06848	0.93152
0.38354	0.61646
0.07196	0.92804
0.39776	0.60224
0.06573	0.93427
0.46296	0.53704
0.07902	0.92098
0.41120	0.58880
0.07458	0.92542
0.40556	0.59444
0.07425	0.92575
0.36881	0.63119
0.07302	0.92698
0.37238	0.62762
0.07558	0.92442
0.37677	0.62323
0.07130	0.92870
0.38053	0.61947
0.06210	0.93790
0.37905	0.62095
0.07332	0.92668
0.39573	0.60427
0.07114	0.92886
0.38915	0.61085
0.07392	0.92608
0.40231	0.59769
0.07232	0.92768
0.35397	0.64603
0.08455	0.91545
0.40588	0.59412
0.07087	0.92913
0.35222	0.64778
0.05634	0.94366
0.36596	0.63404
0.06479	0.93521
0.35969	0.64031
0.07846	0.92154
0.35822	0.64178
0.07660	0.92340
0.38963	0.61037
0.08534	0.91466
0.40986	0.59014
0.07851	0.92150
0.39550	0.60450
0.07546	0.92454
0.40410	0.59590
0.07147	0.92853
0.35008	0.64992
0.06878	0.93122
0.39677	0.60323
0.07943	0.92057
0.36473	0.63527
0.07259	0.92741
0.43305	0.56695
0.06638	0.93362
0.37353	0.62647
0.07152	0.92849
0.36185	0.63815
0.07994	0.92006
0.38239	0.61761
0.06519	0.93481
0.39845	0.60155
0.07079	0.92921
0.36205	0.63795
0.06864	0.93136
0.40746	0.59254
0.06538	0.93461
0.36123	0.63877
0.07327	0.92673
0.30710	0.69290
0.06602	0.93398
0.31161	0.68839
0.05889	0.94111
0.33698	0.66302
0.07186	0.92814
0.40538	0.59462
0.07306	0.92694
0.33377	0.66623
0.07019	0.92981
0.35673	0.64327
0.07448	0.92552
0.37250	0.62750
0.06789	0.93211
0.35197	0.64803
0.06267	0.93733
0.39022	0.60978
0.07593	0.92407
0.36810	0.63190
0.05701	0.94299
0.39408	0.60593
0.06519	0.93481
0.40548	0.59452
0.07939	0.92061
0.36089	0.63911
0.07273	0.92727
0.31842	0.68158
0.06839	0.93161
0.38889	0.61111
0.07349	0.92651
0.29741	0.70259
0.05790	0.94210
0.32385	0.67615
0.07323	0.92677
0.36449	0.63551
0.06889	0.93111
0.37143	0.62857
0.05895	0.94105
0.33120	0.66880
0.07226	0.92774
0.38364	0.61636
0.06971	0.93029
0.34572	0.65428
0.06237	0.93763
0.36406	0.63594
0.06901	0.93099
0.36441	0.63559
0.07480	0.92520
0.35133	0.64867
0.05705	0.94295
0.37088	0.62912
0.07058	0.92942
0.43159	0.56841
0.06671	0.93329
0.40323	0.59677
0.07582	0.92418
0.31100	0.68900
0.06484	0.93516
0.36418	0.63582
0.07469	0.92531
0.37814	0.62186
0.07155	0.92845
0.30330	0.69670
0.07222	0.92778
0.36593	0.63407
0.06982	0.93018
0.37943	0.62057
0.07530	0.92470
0.40108	0.59892
0.07172	0.92829
0.34151	0.65849
0.07589	0.92411
0.42570	0.57430
0.07308	0.92692
0.34317	0.65683
0.08626	0.91374
0.33809	0.66191
0.06779	0.93221
0.31722	0.68278
0.06571	0.93429
0.34947	0.65053
0.07214	0.92786
0.37055	0.62945
0.07026	0.92974
0.30650	0.69350
0.06458	0.93542
0.37406	0.62594
0.07888	0.92112
0.29162	0.70838
0.07250	0.92750
0.41367	0.58633
0.07065	0.92935
0.41577	0.58423
0.06806	0.93194
0.37122	0.62878
0.07532	0.92468
0.34275	0.65725
0.06419	0.93581
0.37315	0.62685
0.07173	0.92827
0.29515	0.70485
0.06547	0.93453
0.31973	0.68027
0.06793	0.93207
0.40103	0.59897
0.06326	0.93674
0.37112	0.62888
0.07197	0.92803
0.36204	0.63796
0.07097	0.92903
0.39178	0.60822
0.08054	0.91946
0.34111	0.65889
0.07504	0.92496
0.31356	0.68644
0.06703	0.93297
0.32227	0.67773
0.07335	0.92665
0.40353	0.59647
0.06192	0.93808
0.31053	0.68947
0.06606	0.93394
0.39026	0.60974
0.06380	0.93620
0.34734	0.65266
0.06233	0.93767
0.33018	0.66982
0.07402	0.92598
0.32879	0.67121
0.07325	0.92675
0.32760	0.67240
0.07971	0.92029
0.32172	0.67828
0.06401	0.93599
0.37195	0.62805
0.07294	0.92706
0.31185	0.68815
0.05554	0.94446
0.32173	0.67827
0.05912	0.94088
0.33198	0.66802
0.06411	0.93589
0.36068	0.63932
0.06529	0.93471
0.27339	0.72661
0.05573	0.94427
0.38631	0.61369
0.06854	0.93146
0.36950	0.63050
0.06950	0.93050
0.31571	0.68429
0.06598	0.93402
0.38095	0.61905
0.07004	0.92996
0.38064	0.61936
0.06410	0.93590
0.44049	0.55951
0.07470	0.92530
0.40456	0.59544
0.07034	0.92966
0.28933	0.71067
0.06024	0.93976
0.25773	0.74227
0.05335	0.94665
0.36265	0.63735
0.05964	0.94036
0.36118	0.63882
0.07874	0.92126
0.37572	0.62428
0.06228	0.93772
0.34315	0.65685
0.06804	0.93196
0.39355	0.60645
0.08170	0.91829
0.29870	0.70130
0.06652	0.93348
0.38398	0.61603
0.06285	0.93715
0.29889	0.70111
0.07016	0.92984
0.27052	0.72948
0.06731	0.93269
0.30901	0.69100
0.05681	0.94319
0.31404	0.68596
0.06482	0.93518
0.37454	0.62546
0.07310	0.92690
0.34751	0.65249
0.06227	0.93773
0.32911	0.67089
0.07463	0.92537
0.35469	0.64531
0.06410	0.93590
0.34073	0.65927
0.07538	0.92462
0.30371	0.69629
0.06324	0.93676
0.28725	0.71275
0.06947	0.93053
0.27353	0.72647
0.06381	0.93619
0.33907	0.66093
0.05509	0.94491
0.32848	0.67152
0.07166	0.92834
0.29278	0.70722
0.06813	0.93187
0.35595	0.64405
0.06092	0.93908
0.32157	0.67843
0.06995	0.93005
0.33012	0.66988
0.07638	0.92362
0.23256	0.76744
0.06870	0.93130
0.29984	0.70016
0.08235	0.91764
0.29347	0.70653
0.07723	0.92276
0.28148	0.71852
0.07951	0.92049
0.30647	0.69353
0.06976	0.93024
0.26347	0.73653
0.06434	0.93567
0.33156	0.66844
0.06259	0.93741
0.28225	0.71775
0.06101	0.93899
0.33935	0.66064
0.07482	0.92518
0.35611	0.64389
0.06943	0.93057
0.28970	0.71030
0.06641	0.93359
0.32818	0.67182
0.07556	0.92444
0.33758	0.66242
0.07297	0.92703
0.33409	0.66591
0.06527	0.93473
0.32977	0.67022
0.06802	0.93198
0.32255	0.67745
0.05650	0.94350
0.38889	0.61111
0.07025	0.92975
0.29455	0.70546
0.05303	0.94698
0.27386	0.72614
0.05441	0.94559
0.29085	0.70915
0.08531	0.91469
0.38283	0.61717
0.07065	0.92935
0.26219	0.73781
0.06760	0.93240
0.38649	0.61351
0.08404	0.91596
0.21961	0.78039
0.07140	0.92860
0.20942	0.79058
0.05301	0.94699
0.33034	0.66966
0.06694	0.93306
0.32878	0.67122
0.07206	0.92794
0.24293	0.75707
0.06737	0.93263
0.37309	0.62691
0.08023	0.91977
0.28166	0.71834
0.06643	0.93357
0.32508	0.67492
0.07645	0.92355
0.26936	0.73064
0.07614	0.92386
0.29959	0.70041
0.04773	0.95227
0.34012	0.65988
0.08466	0.91534
0.31512	0.68488
0.07107	0.92893
0.33662	0.66338
0.08293	0.91707
0.29387	0.70613
0.08110	0.91890
0.34983	0.65017
0.08204	0.91796
0.26106	0.73894
0.07482	0.92518
0.34629	0.65371
0.06753	0.93247
0.30303	0.69697
0.07276	0.92725
0.22785	0.77215
0.07596	0.92404
0.35763	0.64237
0.07839	0.92161
0.34375	0.65625
0.09604	0.90396
0.24094	0.75906
0.07150	0.92850
0.24939	0.75061
0.08129	0.91871
0.28554	0.71446
0.07898	0.92102
0.31385	0.68615
0.07388	0.92612
0.38144	0.61856
0.07622	0.92378
0.22323	0.77677
0.05598	0.94402
0.35088	0.64912
0.05621	0.94379
0.36868	0.63132
0.09121	0.90879
0.30097	0.69903
0.06666	0.93334
0.26565	0.73435
0.07582	0.92418
0.35439	0.64561
0.07048	0.92952
0.26789	0.73211
0.08136	0.91864
0.29630	0.70370
0.06201	0.93799
0.33134	0.66866
0.06928	0.93072
0.27509	0.72491
0.06207	0.93793
0.26626	0.73374
0.08046	0.91954
0.22145	0.77855
0.07429	0.92571
0.30940	0.69060
0.07782	0.92218
0.26130	0.73870
0.07169	0.92831
0.30351	0.69649
0.08442	0.91558
0.26243	0.73757
0.05637	0.94363
0.28928	0.71072
0.08477	0.91522
0.33616	0.66384
0.08105	0.91895
0.21948	0.78052
0.06526	0.93475
0.27066	0.72934
0.05707	0.94293
0.22345	0.77655
0.05449	0.94551
0.33034	0.66966
0.07747	0.92253
0.33289	0.66711
0.08761	0.91239
0.27232	0.72768
0.06696	0.93303
0.27976	0.72024
0.07612	0.92388
0.26850	0.73150
0.07706	0.92294
0.26365	0.73635
0.05902	0.94098
0.23428	0.76572
0.06672	0.93328
0.28905	0.71095
0.05512	0.94488
0.21612	0.78388
0.05912	0.94088
0.30378	0.69622
0.08709	0.91291
0.32345	0.67655
0.08197	0.91804
0.25221	0.74779
0.07634	0.92366
0.36377	0.63623
0.05823	0.94177
0.34451	0.65549
0.08103	0.91897
0.39076	0.60924
0.07736	0.92264
0.32753	0.67247
0.07122	0.92878
0.22017	0.77983
0.07957	0.92043
0.35147	0.64853
0.08332	0.91668
0.30561	0.69439
0.09081	0.90919
0.40687	0.59313
0.07540	0.92460
0.44463	0.55537
0.09651	0.90349
0.22927	0.77073
0.07073	0.92927
0.31250	0.68750
0.08426	0.91574
0.29894	0.70106
0.05649	0.94351
0.25702	0.74298
0.05793	0.94207
0.27624	0.72376
0.08528	0.91472
0.27121	0.72879
0.06188	0.93812
0.26056	0.73944
0.05683	0.94317
0.22704	0.77296
0.05378	0.94622
0.32986	0.67014
0.06475	0.93525
0.25104	0.74896
0.07924	0.92076
0.25457	0.74543
0.06448	0.93552
0.22489	0.77511
0.04971	0.95029
0.30992	0.69008
0.06024	0.93976
0.34884	0.65116
0.05258	0.94742
0.18508	0.81492
0.05635	0.94365
0.31697	0.68303
0.07467	0.92533
0.34420	0.65580
0.05619	0.94381
0.32491	0.67509
0.04961	0.95039
0.20199	0.79801
0.04785	0.95215
0.37196	0.62804
0.06144	0.93856
0.39601	0.60399
0.06994	0.93006
0.24950	0.75050
0.07463	0.92537
0.29746	0.70254
0.07340	0.92659
0.21815	0.78185
0.06937	0.93063
0.20926	0.79074
0.06927	0.93073
0.33333	0.66667
0.07469	0.92531
0.32844	0.67156
0.06071	0.93929
0.31637	0.68363
0.07044	0.92956
0.29775	0.70225
0.06880	0.93120
0.29897	0.70103
0.07176	0.92824
0.30140	0.69860
0.07276	0.92724
0.22820	0.77180
0.05612	0.94388
0.34992	0.65008
0.07519	0.92481
0.32161	0.67839
0.07828	0.92172
0.31872	0.68127
0.05234	0.94766
0.38325	0.61675
0.06651	0.93349
0.35057	0.64942
0.07944	0.92056
0.29147	0.70853
0.08797	0.91203
0.26871	0.73129
0.06406	0.93594
0.20518	0.79482
0.05541	0.94459
0.30963	0.69037
0.06736	0.93264
0.32075	0.67924
0.08178	0.91822
0.30678	0.69322
0.08169	0.91831
0.30118	0.69882
0.09079	0.90921
0.32129	0.67871
0.05645	0.94355
0.36919	0.63081
0.09765	0.90235
0.26930	0.73070
0.07167	0.92833
0.34035	0.65965
0.05783	0.94217
0.23391	0.76609
0.04500	0.95500
0.26433	0.73567
0.08676	0.91324
0.24274	0.75726
0.04728	0.95272
0.31347	0.68653
0.08616	0.91384
0.32143	0.67857
0.08030	0.91970
0.33118	0.66882
0.05726	0.94274
0.24468	0.75532
0.05735	0.94265
0.22701	0.77299
0.07489	0.92511
0.29942	0.70058
0.06945	0.93055
0.23645	0.76355
0.07477	0.92523
0.21166	0.78834
0.06454	0.93546
0.21174	0.78826
0.09395	0.90605
0.26185	0.73815
0.07175	0.92825
0.25428	0.74572
0.08014	0.91986
0.29333	0.70667
0.06527	0.93473
0.25926	0.74074
0.05697	0.94303
0.25307	0.74693
0.05441	0.94559
0.19865	0.80135
0.08938	0.91062
0.28571	0.71429
0.06634	0.93366
0.26398	0.73603
0.08653	0.91347
0.21205	0.78795
0.07572	0.92428
0.32051	0.67949
0.06806	0.93194
0.39169	0.60831
0.07171	0.92829
0.25652	0.74348
0.08661	0.91339
0.22803	0.77197
0.07930	0.92070
0.36100	0.63900
0.05739	0.94261
0.27177	0.72823
0.06853	0.93147
0.19118	0.80882
0.06337	0.93663
0.35266	0.64734
0.06613	0.93387
0.29620	0.70380
0.06228	0.93772
0.23023	0.76977
0.07552	0.92448
0.23799	0.76201
0.07091	0.92909
0.23704	0.76296
0.06110	0.93890
0.39152	0.60848
0.09995	0.90005
0.24016	0.75984
0.05947	0.94053
0.23773	0.76227
0.10484	0.89516
0.25078	0.74922
0.04556	0.95444
0.29337	0.70662
0.07249	0.92751
0.29524	0.70476
0.06273	0.93727
0.29317	0.70683
0.05918	0.94082
0.38664	0.61337
0.08897	0.91103
0.24561	0.75439
0.05736	0.94264
0.32873	0.67127
0.09860	0.90140
0.22500	0.77500
0.07562	0.92438
0.20907	0.79093
0.06667	0.93333
0.32311	0.67689
0.07068	0.92932
0.28409	0.71591
0.07724	0.92276
0.19683	0.80317
0.04375	0.95625
0.37838	0.62162
0.07813	0.92187
0.36226	0.63774
0.09489	0.90511
0.28802	0.71198
0.09880	0.90120
0.35331	0.64669
0.08263	0.91737
0.19537	0.80463
0.05872	0.94128
0.34884	0.65116
0.06276	0.93725
0.22588	0.77412
0.06791	0.93209
0.19418	0.80583
0.05369	0.94632
0.18848	0.81152
0.05778	0.94222
0.33673	0.66326
0.05863	0.94137
0.33127	0.66873
0.06562	0.93438
0.21972	0.78028
0.05618	0.94382
0.39181	0.60819
0.06254	0.93746
0.24699	0.75301
0.07364	0.92636
0.20732	0.79268
0.09133	0.90867
0.36474	0.63526
0.10006	0.89994
0.31561	0.68439
0.08544	0.91456
0.31922	0.68078
0.06935	0.93065
0.26894	0.73106
0.05268	0.94732
0.33333	0.66667
0.07985	0.92015
0.28693	0.71307
0.06653	0.93347
0.38746	0.61254
0.08331	0.91669
0.22716	0.77284
0.06282	0.93718
0.33068	0.66932
0.06023	0.93977
0.24597	0.75403
0.08068	0.91932
0.40989	0.59011
0.10890	0.89111
0.19685	0.80315
0.06177	0.93823
0.22581	0.77419
0.06386	0.93614
0.30800	0.69200
0.04943	0.95057
0.30556	0.69444
0.06106	0.93894
0.31615	0.68385
0.10009	0.89991
0.26039	0.73961
0.06511	0.93489
0.21708	0.78292
0.07288	0.92712
0.24907	0.75093
0.05654	0.94346
0.21053	0.78947
0.06288	0.93712
0.16480	0.83520
0.04373	0.95627
0.27315	0.72685
0.08982	0.91019
0.24403	0.75597
0.09603	0.90397
0.30448	0.69552
0.06072	0.93928
0.44792	0.55208
0.06080	0.93920
0.20349	0.79651
0.08039	0.91961
0.24596	0.75404
0.07038	0.92962
0.33953	0.66046
0.08397	0.91603
0.34263	0.65737
0.08887	0.91113
0.25000	0.75000
0.06491	0.93509
0.33190	0.66810
0.07242	0.92758
0.26537	0.73463
0.06673	0.93327
0.30104	0.69896
0.10036	0.89964
0.21267	0.78733
0.04819	0.95181
0.28846	0.71154
0.10640	0.89360
0.28019	0.71981
0.10394	0.89606
0.35055	0.64945
0.09315	0.90685
0.19598	0.80402
0.05729	0.94271
0.34156	0.65844
0.08687	0.91313
0.25877	0.74123
0.05243	0.94757
0.22293	0.77707
0.08252	0.91749
0.17241	0.82759
0.06500	0.93500
0.36402	0.63598
0.05581	0.94419
0.30040	0.69960
0.09513	0.90487
0.19811	0.80189
0.06282	0.93718
0.26217	0.73783
0.06763	0.93237
0.27083	0.72917
0.09411	0.90589
0.27059	0.72941
0.04206	0.95794
0.25359	0.74641
0.12360	0.87640
0.28780	0.71219
0.07324	0.92676
0.18930	0.81070
0.05558	0.94442
0.36735	0.63265
0.07255	0.92745
0.32414	0.67586
0.09216	0.90784
0.42000	0.58000
0.06281	0.93719
0.28634	0.71366
0.06952	0.93048
0.28720	0.71280
0.07854	0.92146
0.43605	0.56395
0.04412	0.95588
0.22000	0.78000
0.07976	0.92024
0.25000	0.75000
0.06297	0.93703
0.30183	0.69817
0.06415	0.93585
0.30568	0.69432
0.04788	0.95212
0.25410	0.74590
0.06615	0.93385
0.36522	0.63478
0.05316	0.94684
0.22157	0.77843
0.07033	0.92967
0.25466	0.74534
0.12409	0.87591
0.23739	0.76261
0.05306	0.94694
0.39116	0.60884
0.05324	0.94676
0.34906	0.65094
0.07117	0.92883
0.25796	0.74204
0.08595	0.91405
0.18596	0.81403
0.08594	0.91406
0.37109	0.62891
0.06467	0.93533
0.28340	0.71660
0.04215	0.95785
0.25431	0.74569
0.07797	0.92203
0.29412	0.70588
0.06427	0.93573
0.25301	0.74699
0.07405	0.92595
0.25153	0.74847
0.09145	0.90855
0.25683	0.74317
0.06196	0.93804
0.30556	0.69444
0.12388	0.87612
0.32727	0.67273
0.07249	0.92751
0.23913	0.76087
0.08437	0.91563
0.34902	0.65098
0.04171	0.95829
0.37113	0.62887
0.07922	0.92078
0.43210	0.56790
0.07054	0.92945
0.22523	0.77478
0.05806	0.94194
0.26627	0.73373
0.10261	0.89739
0.28947	0.71053
0.10274	0.89726
0.44196	0.55804
0.08472	0.91528
0.18792	0.81208
0.06523	0.93477
0.36986	0.63014
0.09548	0.90452
0.28261	0.71739
0.07368	0.92632
0.31492	0.68508
0.13908	0.86092
0.30000	0.70000
0.08290	0.91710
0.27607	0.72393
0.06397	0.93603
0.29609	0.70391
0.08281	0.91719
0.24651	0.75349
0.08189	0.91811
0.40000	0.60000
0.07385	0.92615
0.21488	0.78512
0.07787	0.92213
0.17769	0.82231
0.10876	0.89124
0.26857	0.73143
0.13508	0.86492
0.26531	0.73469
0.04911	0.95089
0.20438	0.79562
0.04024	0.95976
0.26590	0.73410
0.07441	0.92559
0.27815	0.72185
0.16061	0.83939
0.24862	0.75138
0.07514	0.92486
0.36735	0.63265
0.11637	0.88363
0.17112	0.82888
0.05114	0.94886
0.17610	0.82390
0.04752	0.95248
0.19266	0.80734
0.08060	0.91940
0.22754	0.77246
0.05613	0.94387
0.24277	0.75722
0.09478	0.90522
0.13889	0.86111
0.07007	0.92993
0.25581	0.74419
0.06299	0.93701
0.26490	0.73510
0.09352	0.90647
0.35484	0.64516
0.08530	0.91470
0.37762	0.62238
0.09020	0.90980
0.42778	0.57222
0.09256	0.90744
0.41593	0.58407
0.11026	0.88974
0.33480	0.66520
0.10946	0.89054
0.28054	0.71946
0.06318	0.93682
0.32168	0.67832
0.03232	0.96767
0.30097	0.69903
0.05281	0.94719
0.30556	0.69444
0.09076	0.90924
0.26641	0.73359
0.10266	0.89734
0.31183	0.68817
0.06787	0.93213
0.37895	0.62105
0.09736	0.90264
0.12422	0.87578
0.06053	0.93947
0.39604	0.60396
0.06076	0.93924
0.26887	0.73113
0.06963	0.93037
0.20333	0.79667
0.06636	0.93364
0.31677	0.68323
0.10366	0.89634
0.25000	0.75000
0.05694	0.94306
0.26190	0.73809
0.07819	0.92182
0.50262	0.49738
0.09027	0.90973
0.38182	0.61818
0.04724	0.95276
0.14508	0.85492
0.09845	0.90155
0.14912	0.85088
0.04893	0.95107
0.14286	0.85714
0.04717	0.95283
0.29327	0.70673
0.05610	0.94390
0.35916	0.64085
0.04979	0.95021
0.31429	0.68571
0.06761	0.93239
0.17822	0.82178
0.10012	0.89988
0.26347	0.73653
0.06732	0.93268
0.28682	0.71318
0.05921	0.94079
0.26496	0.73504
0.10519	0.89481
0.52679	0.47321
0.09050	0.90950
0.25000	0.75000
0.05707	0.94293
0.28571	0.71429
0.06195	0.93805
0.44295	0.55705
0.04904	0.95097
0.24427	0.75573
0.07952	0.92048
0.36842	0.63158
0.08941	0.91058
0.25455	0.74546
0.09934	0.90066
0.22388	0.77612
0.11813	0.88187
0.30000	0.70000
0.05869	0.94131
0.34127	0.65873
0.09106	0.90894
0.35897	0.64103
0.06393	0.93607
0.24762	0.75238
0.05508	0.94492
0.23333	0.76667
0.03751	0.96249
0.32231	0.67769
0.13308	0.86692
0.32632	0.67368
0.11306	0.88694
0.46715	0.53285
0.07373	0.92627
0.45390	0.54610
0.07164	0.92836
0.32800	0.67200
0.11313	0.88687
0.30061	0.69939
0.11883	0.88117
0.25781	0.74219
0.06905	0.93095
0.37179	0.62821
0.08011	0.91989
0.49333	0.50667
0.09805	0.90195
0.37313	0.62687
0.08131	0.91869
0.19259	0.80741
0.09444	0.90556
0.40107	0.59893
0.10893	0.89107
0.17551	0.82449
0.09248	0.90752
0.21084	0.78916
0.07799	0.92201
0.28829	0.71171
0.04456	0.95544
0.37805	0.62195
0.06739	0.93260
0.23529	0.76471
0.05745	0.94255
0.30089	0.69912
0.10585	0.89415
0.16049	0.83951
0.08088	0.91912
0.25749	0.74251
0.07317	0.92683
0.36471	0.63529
0.17354	0.82646
0.12953	0.87047
0.09809	0.90191
0.34952	0.65049
0.08929	0.91071
0.40972	0.59028
0.13585	0.86415
0.27826	0.72174
0.04122	0.95878
0.17273	0.82727
0.04341	0.95659
0.16783	0.83217
0.06283	0.93717
0.38710	0.61290
0.08108	0.91892
0.19111	0.80889
0.05718	0.94282
0.29787	0.70213
0.07534	0.92466
0.25243	0.74757
0.06298	0.93702
0.21898	0.78102
0.09125	0.90875
0.21818	0.78182
0.09160	0.90840
0.25203	0.74797
0.08096	0.91904
0.29070	0.70930
0.12427	0.87573
0.24265	0.75735
0.07843	0.92157
0.38710	0.61290
0.08800	0.91200
0.36364	0.63636
0.09143	0.90857
0.23026	0.76974
0.07774	0.92226
0.24490	0.75510
0.06356	0.93644
0.27119	0.72881
0.09888	0.90112
0.25000	0.75000
0.11642	0.88358
0.22308	0.77692
0.09595	0.90405
0.21528	0.78472
0.06535	0.93465
0.46903	0.53097
0.12775	0.87225
0.31579	0.68421
0.11377	0.88623
0.22131	0.77869
0.06965	0.93035
0.30208	0.69792
0.08636	0.91364
0.33898	0.66102
0.09974	0.90026
0.18293	0.81707
0.06765	0.93235
0.31959	0.68041
0.03712	0.96288
0.40845	0.59155
0.05018	0.94982
0.28099	0.71901
0.07045	0.92955
0.21875	0.78125
0.10919	0.89081
0.26605	0.73394
0.05675	0.94325
0.35353	0.64647
0.07034	0.92966
0.33333	0.66667
0.10601	0.89399
0.24324	0.75676
0.04440	0.95560
0.21905	0.78095
0.06224	0.93776
0.32540	0.67460
0.05131	0.94869
0.31944	0.68056
0.07232	0.92768
0.27869	0.72131
0.04766	0.95234
0.19828	0.80172
0.07356	0.92644
0.20000	0.80000
0.05924	0.94076
0.31724	0.68276
0.06847	0.93153
0.36893	0.63107
0.05769	0.94231
0.20870	0.79130
0.07363	0.92637
0.46957	0.53043
0.04991	0.95009
0.20895	0.79104
0.02941	0.97059
0.18841	0.81159
0.05648	0.94352
0.15929	0.84071
0.10538	0.89462
0.21384	0.78616
0.08612	0.91388
0.40000	0.60000
0.04902	0.95098
0.61628	0.38372
0.09269	0.90731
0.28767	0.71233
0.05542	0.94458
0.38732	0.61268
0.05928	0.94072
0.22280	0.77720
0.07484	0.92516
0.20455	0.79546
0.08612	0.91388
0.13115	0.86885
0.04813	0.95187
0.48315	0.51685
0.10042	0.89958
0.21739	0.78261
0.06831	0.93169
0.23077	0.76923
0.08261	0.91739
0.20833	0.79167
0.11299	0.88701
0.22143	0.77857
0.06196	0.93804
0.44231	0.55769
0.08795	0.91205
0.30435	0.69565
0.12461	0.87539
0.25000	0.75000
0.03302	0.96698
0.17391	0.82609
0.15375	0.84625
0.13793	0.86207
0.05902	0.94098
0.23158	0.76842
0.10904	0.89096
0.16483	0.83516
0.04743	0.95257
0.16667	0.83333
0.08352	0.91648
0.13592	0.86408
0.04673	0.95327
0.16667	0.83333
0.07665	0.92335
0.32812	0.67188
0.08553	0.91447
0.23684	0.76316
0.05202	0.94798
0.21739	0.78261
0.08655	0.91345
0.21348	0.78652
0.07112	0.92888
0.30303	0.69697
0.08004	0.91996
0.22973	0.77027
0.07079	0.92921
0.34091	0.65909
0.07692	0.92308
0.17895	0.82105
0.04275	0.95725
0.31731	0.68269
0.06010	0.93990
0.32000	0.68000
0.05923	0.94077
0.22105	0.77895
0.05436	0.94564
0.38235	0.61765
0.06053	0.93947
0.34043	0.65957
0.17084	0.82916
0.17647	0.82353
0.08119	0.91881
0.23256	0.76744
0.08048	0.91952
0.45783	0.54217
0.04122	0.95878
0.25000	0.75000
0.12460	0.87540
0.31868	0.68132
0.09174	0.90826
0.31000	0.69000
0.09382	0.90618
0.17431	0.82569
0.04713	0.95287
0.32653	0.67347
0.09162	0.90838
0.39535	0.60465
0.07895	0.92105
0.34211	0.65790
0.05306	0.94694
0.36000	0.64000
0.06519	0.93481
0.22000	0.78000
0.04178	0.95822
0.16923	0.83077
0.02211	0.97789
0.25000	0.75000
0.08514	0.91486
0.43023	0.56977
0.04148	0.95852
0.53030	0.46970
0.08770	0.91230
0.28125	0.71875
0.09157	0.90843
0.26087	0.73913
0.10827	0.89173
0.40385	0.59615
0.07007	0.92993
0.38158	0.61842
0.08319	0.91680
0.21277	0.78723
0.04732	0.95268
0.23729	0.76271
0.10407	0.89593
0.44000	0.56000
0.07878	0.92122
0.13115	0.86885
0.04144	0.95856
0.29870	0.70130
0.08075	0.91925
0.40000	0.60000
0.12442	0.87558
0.33333	0.66667
0.06326	0.93674
0.33333	0.66667
0.09038	0.90962
0.39240	0.60759
0.02934	0.97066
0.14062	0.85938
0.03968	0.96032
0.37288	0.62712
0.08636	0.91364
0.33540	0.66460
0.07704	0.92296
0.20339	0.79661
0.06765	0.93235
0.22034	0.77966
0.08293	0.91707
0.29730	0.70270
0.07497	0.92503
0.22892	0.77108
0.09310	0.90690
0.35714	0.64286
0.03201	0.96799
0.25926	0.74074
0.05781	0.94219
0.29032	0.70968
0.06393	0.93607
0.22917	0.77083
0.02848	0.97152
0.36364	0.63636
0.14655	0.85345
0.14925	0.85075
0.10684	0.89316
0.14000	0.86000
0.09753	0.90247
0.24038	0.75962
0.04914	0.95086
0.26786	0.73214
0.03443	0.96557
0.26923	0.73077
0.09418	0.90582
0.21177	0.78823
0.07237	0.92763
0.54717	0.45283
0.16026	0.83974
0.27731	0.72269
0.07618	0.92382
0.18269	0.81731
0.06475	0.93525
0.25862	0.74138
0.05189	0.94811
0.42857	0.57143
0.10069	0.89931
0.15132	0.84868
0.02485	0.97515
0.13761	0.86239
0.03101	0.96899
0.35185	0.64815
0.06031	0.93969
0.20548	0.79452
0.14145	0.85855
0.26667	0.73333
0.06122	0.93878
0.51219	0.48781
0.13211	0.86789
0.17857	0.82143
0.09380	0.90620
0.23188	0.76812
0.03867	0.96133
0.19149	0.80851
0.03505	0.96495
0.28750	0.71250
0.04868	0.95132
0.26471	0.73529
0.05058	0.94942
0.35849	0.64151
0.15327	0.84673
0.33962	0.66038
0.13313	0.86687
0.17308	0.82692
0.05162	0.94838
0.34375	0.65625
0.05166	0.94834
0.50000	0.50000
0.05350	0.94650
0.21212	0.78788
0.11943	0.88057
0.21429	0.78571
0.07663	0.92337
0.23009	0.76991
0.04870	0.95130
0.10204	0.89796
0.05801	0.94198
0.36170	0.63830
0.04020	0.95980
0.20588	0.79412
0.09677	0.90323
0.30000	0.70000
0.11676	0.88324
0.39240	0.60759
0.03885	0.96115
0.20339	0.79661
0.07718	0.92282
0.41026	0.58974
0.05620	0.94380
0.38000	0.62000
0.07391	0.92609
0.13333	0.86667
0.06195	0.93805
0.27778	0.72222
0.02232	0.97768
0.19753	0.80247
0.11539	0.88462
0.19565	0.80435
0.04128	0.95872
0.19643	0.80357
0.09231	0.90769
0.32203	0.67797
0.07627	0.92373
0.19355	0.80645
0.04146	0.95854
0.19118	0.80882
0.09014	0.90986
0.20213	0.79787
0.09476	0.90524
0.54000	0.46000
0.10556	0.89444
0.55556	0.44444
0.04368	0.95632
0.37500	0.62500
0.15324	0.84676
0.23529	0.76471
0.06600	0.93400
0.30909	0.69091
0.10084	0.89916
0.14130	0.85870
0.03704	0.96296
0.27778	0.72222
0.06126	0.93874
0.22500	0.77500
0.06423	0.93577
0.28261	0.71739
0.05244	0.94756
0.30000	0.70000
0.03125	0.96875
0.31482	0.68519
0.04444	0.95556
0.38461	0.61538
0.03425	0.96575
0.25641	0.74359
0.06066	0.93934
0.38095	0.61905
0.16567	0.83433
0.55000	0.45000
0.05846	0.94154
0.14634	0.85366
0.05133	0.94867
0.23529	0.76471
0.08252	0.91748
0.35897	0.64103
0.03871	0.96129
0.12500	0.87500
0.15122	0.84878
0.33333	0.66667
0.05670	0.94330
0.50000	0.50000
0.03854	0.96146
0.17544	0.82456
0.11350	0.88650
0.23810	0.76191
0.08853	0.91147
0.47500	0.52500
0.12916	0.87084
0.33333	0.66667
0.06481	0.93519
0.29630	0.70370
0.07767	0.92233
0.37500	0.62500
0.05502	0.94498
0.24242	0.75758
0.04283	0.95717
0.24138	0.75862
0.08225	0.91775
0.13559	0.86441
0.05992	0.94008
0.25641	0.74359
0.01366	0.98634
0.32258	0.67742
0.09485	0.90516
0.24242	0.75758
0.06942	0.93058
0.25490	0.74510
0.06723	0.93277
0.37500	0.62500
0.23853	0.76147
0.15385	0.84615
0.04152	0.95848
0.28916	0.71084
0.07193	0.92807
0.56522	0.43478
0.12762	0.87238
0.32927	0.67073
0.03275	0.96725
